416 454 0 0 0 0 0 384 416 625
0 454 0 714 0 0 714 384 416 0
0 0 0 714 555 0 714 384 416 0
416 0 454 0 0 0 714 384 0 625
416 454 0 0 0 500 714 0 0 625
416 0 454 0 0 500 0 384 416 0
416 454 0 0 555 0 714 384 0 0
416 454 0 714 0 0 0 0 416 625
0 0 454 714 555 0 0 384 0 625
416 0 454 0 555 500 0 0 416 0
416 0 454 714 0 500 0 384 0 0
0 454 0 714 555 500 0 0 0 625
0 0 454 716 0 500 0 384 416 0
416 454 454 0 555 0 0 0 0 625
0 454 0 0 555 0 714 384 416 0
0 454 454 0 555 0 716 0 416 0
416 454 0 0 0 500 0 384 0 625
416 0 454 0 0 500 0 384 416 0
0 0 454 0 560 500 0 392 416 0
424 460 460 0 0 500 0 0 424 0
