0 555 0 0 625 0 454 0 0 555
0 0 0 0 0 625 454 1666 714 0
0 555 0 0 625 625 454 0 0 0
555 0 0 555 625 625 0 0 0 0
0 555 0 0 0 625 454 0 0 555
555 555 0 0 0 625 0 0 714 0
0 0 0 555 625 0 454 0 0 555
555 555 714 555 0 0 0 0 0 0
0 0 714 555 0 0 454 0 0 555
0 555 0 0 0 625 454 1666 0 0
555 555 0 555 0 0 0 0 714 0
555 0 714 0 0 0 454 0 714 0
0 555 714 0 0 0 454 0 0 555
555 560 0 555 625 0 0 0 0 0
0 0 714 555 0 0 0 0 714 555
0 0 0 555 0 625 0 0 714 555
555 0 0 0 625 0 454 0 0 555
0 0 0 0 625 625 0 1668 716 0
555 0 714 0 625 0 460 0 0 0
560 0 716 560 0 0 0 0 0 560
