714 0 0 0 0 0 0 0 833 714
714 0 0 1666 0 0 0 0 0 714
0 0 500 0 0 0 625 555 0 0
0 0 0 0 0 0 625 555 833 0
0 1666 0 0 0 0 625 0 833 0
714 0 500 0 0 0 0 555 0 0
0 0 500 0 0 0 0 555 833 0
0 1666 500 0 0 1250 0 0 0 0
0 0 0 1666 0 0 625 555 0 0
0 0 500 1668 0 0 0 0 0 714
0 0 0 0 0 0 625 555 0 714
714 0 500 0 0 0 625 0 0 0
714 0 0 0 0 1250 625 0 0 0
714 0 500 0 0 0 0 0 0 714
0 0 500 0 0 1250 0 0 833 0
0 0 500 0 1666 0 0 0 835 0
716 0 0 0 0 1250 0 555 0 0
0 1668 500 0 0 0 0 0 0 714
0 0 0 0 1666 0 0 555 0 716
0 0 0 0 1668 0 625 560 0 0
